2	2	offsuit	0.3031	0.0102	-0.0805
2	3	offsuit	0.1798	0.0332	-0.4274
2	3	suited	0.2262	0.0298	-0.2916
2	4	offsuit	0.1908	0.0334	-0.3942
2	4	suited	0.2298	0.0324	-0.2782
2	5	offsuit	0.2004	0.0334	-0.3654
2	5	suited	0.238	0.0315	-0.2545
2	6	offsuit	0.1871	0.0344	-0.4043
2	6	suited	0.2313	0.0309	-0.2752
2	7	offsuit	0.1872	0.034	-0.4044
2	7	suited	0.2263	0.0338	-0.2873
2	8	offsuit	0.2016	0.0348	-0.3604
2	8	suited	0.2472	0.0335	-0.2249
2	9	offsuit	0.2195	0.0346	-0.3069
2	9	suited	0.2517	0.0361	-0.2088
2	T	offsuit	0.2322	0.039	-0.2644
2	T	suited	0.2662	0.0366	-0.1648
2	J	offsuit	0.2479	0.0375	-0.2188
2	J	suited	0.2856	0.0343	-0.1089
2	Q	offsuit	0.2705	0.0362	-0.1523
2	Q	suited	0.3056	0.0404	-0.0428
2	K	offsuit	0.2919	0.0379	-0.0864
2	K	suited	0.3289	0.0332	0.0199
2	A	offsuit	0.3291	0.0416	0.0289
2	A	suited	0.374	0.0362	0.1582
3	3	offsuit	0.3362	0.0095	0.0181
3	4	offsuit	0.2125	0.0362	-0.3263
3	4	suited	0.2496	0.0331	-0.2181
3	5	offsuit	0.2235	0.0347	-0.2948
3	5	suited	0.2608	0.031	-0.1866
3	6	offsuit	0.2129	0.0341	-0.3272
3	6	suited	0.2496	0.0326	-0.2186
3	7	offsuit	0.2072	0.0362	-0.3422
3	7	suited	0.2534	0.0339	-0.2059
3	8	offsuit	0.2106	0.0345	-0.3337
3	8	suited	0.2407	0.0354	-0.2425
3	9	offsuit	0.2207	0.0374	-0.3005
3	9	suited	0.2632	0.0327	-0.1777
3	T	offsuit	0.2386	0.0416	-0.2426
3	T	suited	0.2804	0.0339	-0.1249
3	J	offsuit	0.2468	0.0369	-0.2227
3	J	suited	0.2895	0.0388	-0.0927
3	Q	offsuit	0.2735	0.0405	-0.139
3	Q	suited	0.3158	0.042	-0.0106
3	K	offsuit	0.2979	0.0396	-0.0667
3	K	suited	0.3416	0.0366	0.0614
3	A	offsuit	0.3379	0.043	0.0567
3	A	suited	0.3767	0.0409	0.171
4	4	offsuit	0.3574	0.0109	0.0831
4	5	offsuit	0.2436	0.0372	-0.232
4	5	suited	0.2808	0.0357	-0.1219
4	6	offsuit	0.2292	0.0369	-0.2755
4	6	suited	0.264	0.0374	-0.1706
4	7	offsuit	0.228	0.0379	-0.2781
4	7	suited	0.262	0.0356	-0.1784
4	8	offsuit	0.2321	0.0367	-0.267
4	8	suited	0.2622	0.0319	-0.1815
4	9	offsuit	0.2304	0.036	-0.2728
4	9	suited	0.2703	0.0394	-0.1497
4	T	offsuit	0.2432	0.0373	-0.2331
4	T	suited	0.289	0.0384	-0.0946
4	J	offsuit	0.2672	0.0398	-0.1586
4	J	suited	0.2962	0.0404	-0.071
4	Q	offsuit	0.275	0.043	-0.132
4	Q	suited	0.3135	0.0433	-0.0162
4	K	offsuit	0.3087	0.0414	-0.0325
4	K	suited	0.353	0.0352	0.0942
4	A	offsuit	0.3454	0.043	0.0792
4	A	suited	0.3815	0.0432	0.1877
5	5	offsuit	0.3918	0.0098	0.1852
5	6	offsuit	0.2599	0.0374	-0.1829
5	6	suited	0.2803	0.0357	-0.1234
5	7	offsuit	0.2588	0.0356	-0.188
5	7	suited	0.2859	0.0355	-0.1068
5	8	offsuit	0.248	0.04	-0.216
5	8	suited	0.2895	0.0384	-0.0931
5	9	offsuit	0.2525	0.0356	-0.2069
5	9	suited	0.2832	0.0353	-0.1151
5	T	offsuit	0.2579	0.0398	-0.1865
5	T	suited	0.2842	0.0379	-0.1095
5	J	offsuit	0.2704	0.0367	-0.1521
5	J	suited	0.3	0.0386	-0.0614
5	Q	offsuit	0.2941	0.0444	-0.0733
5	Q	suited	0.3293	0.0395	0.0274
5	K	offsuit	0.3186	0.0401	-0.0041
5	K	suited	0.3614	0.0394	0.1236
5	A	offsuit	0.3685	0.0425	0.148
5	A	suited	0.3999	0.0401	0.2398
6	6	offsuit	0.4283	0.01	0.2949
6	7	offsuit	0.2679	0.0326	-0.1637
6	7	suited	0.3053	0.0343	-0.0498
6	8	offsuit	0.2715	0.0346	-0.1509
6	8	suited	0.2984	0.0345	-0.0703
6	9	offsuit	0.2685	0.0357	-0.1588
6	9	suited	0.3149	0.033	-0.0223
6	T	offsuit	0.2832	0.0386	-0.1118
6	T	suited	0.311	0.0343	-0.0327
6	J	offsuit	0.2785	0.038	-0.1265
6	J	suited	0.3253	0.0334	0.0093
6	Q	offsuit	0.3026	0.0399	-0.0523
6	Q	suited	0.3374	0.0399	0.0521
6	K	offsuit	0.3307	0.0406	0.0327
6	K	suited	0.3575	0.0394	0.1119
6	A	offsuit	0.356	0.0394	0.1074
6	A	suited	0.3935	0.0413	0.2218
7	7	offsuit	0.4539	0.0096	0.3713
7	8	offsuit	0.2926	0.0335	-0.0887
7	8	suited	0.3179	0.0356	-0.0107
7	9	offsuit	0.2957	0.0355	-0.0774
7	9	suited	0.3296	0.0356	0.0244
7	T	offsuit	0.3015	0.0322	-0.0633
7	T	suited	0.3355	0.0324	0.0389
7	J	offsuit	0.3047	0.0369	-0.049
7	J	suited	0.3346	0.0353	0.0391
7	Q	offsuit	0.3145	0.034	-0.0225
7	Q	suited	0.3423	0.0367	0.0636
7	K	offsuit	0.342	0.034	0.06
7	K	suited	0.378	0.0386	0.1726
7	A	offsuit	0.3721	0.0387	0.155
7	A	suited	0.3999	0.0396	0.2393
8	8	offsuit	0.5021	0.0078	0.5141
8	9	offsuit	0.3084	0.0342	-0.0406
8	9	suited	0.3519	0.0327	0.0884
8	T	offsuit	0.3234	0.0332	0.0034
8	T	suited	0.3571	0.0342	0.1055
8	J	offsuit	0.314	0.0329	-0.0251
8	J	suited	0.3579	0.0322	0.1059
8	Q	offsuit	0.336	0.0324	0.0404
8	Q	suited	0.3828	0.0315	0.1799
8	K	offsuit	0.3562	0.0349	0.1035
8	K	suited	0.3816	0.0354	0.1802
8	A	offsuit	0.3955	0.0346	0.2211
8	A	suited	0.4159	0.0351	0.2828
9	9	offsuit	0.5352	0.007	0.6126
9	T	offsuit	0.338	0.0319	0.0459
9	T	suited	0.3764	0.0316	0.1608
9	J	offsuit	0.3491	0.0304	0.0777
9	J	suited	0.3785	0.0297	0.1652
9	Q	offsuit	0.3636	0.0297	0.1205
9	Q	suited	0.3907	0.0305	0.2026
9	K	offsuit	0.3835	0.0335	0.184
9	K	suited	0.4041	0.0322	0.2445
9	A	offsuit	0.4032	0.0329	0.2425
9	A	suited	0.4322	0.0324	0.329
T	T	offsuit	0.5702	0.0071	0.7177
T	J	offsuit	0.3839	0.0289	0.1806
T	J	suited	0.4067	0.031	0.2511
T	Q	offsuit	0.3814	0.0296	0.1738
T	Q	suited	0.4149	0.0271	0.2718
T	K	offsuit	0.4115	0.0255	0.26
T	K	suited	0.4432	0.0254	0.355
T	A	offsuit	0.4252	0.0283	0.3039
T	A	suited	0.461	0.0244	0.4074
J	J	offsuit	0.6058	0.0056	0.823
J	Q	offsuit	0.4022	0.0242	0.2308
J	Q	suited	0.4344	0.0267	0.3299
J	K	offsuit	0.4243	0.0243	0.2972
J	K	suited	0.4455	0.0261	0.3626
J	A	offsuit	0.4471	0.0238	0.3651
J	A	suited	0.4767	0.0233	0.4534
Q	Q	offsuit	0.6484	0.0063	0.9515
Q	K	offsuit	0.4326	0.0208	0.3186
Q	K	suited	0.4644	0.023	0.4162
Q	A	offsuit	0.4612	0.0213	0.4049
Q	A	suited	0.4817	0.0179	0.463
K	K	offsuit	0.6819	0.0057	1.0514
K	A	offsuit	0.4619	0.0187	0.4044
K	A	suited	0.4941	0.0192	0.5015
A	A	offsuit	0.7327	0.0055	1.2036
