2	2	offsuit	0.1752	0.0057	-0.1183
2	3	offsuit	0.0983	0.02	-0.4885
2	3	suited	0.1415	0.0197	-0.2728
2	4	offsuit	0.1009	0.0214	-0.4741
2	4	suited	0.1489	0.0201	-0.2354
2	5	offsuit	0.1115	0.0212	-0.4213
2	5	suited	0.1546	0.025	-0.202
2	6	offsuit	0.0957	0.0243	-0.4972
2	6	suited	0.1441	0.0226	-0.2569
2	7	offsuit	0.0982	0.0258	-0.4832
2	7	suited	0.138	0.0223	-0.2877
2	8	offsuit	0.0982	0.0267	-0.4823
2	8	suited	0.1443	0.0251	-0.2534
2	9	offsuit	0.1113	0.0264	-0.4171
2	9	suited	0.1519	0.0241	-0.2164
2	T	offsuit	0.1162	0.0313	-0.3877
2	T	suited	0.1665	0.0269	-0.1406
2	J	offsuit	0.126	0.0294	-0.3406
2	J	suited	0.1703	0.0286	-0.1199
2	Q	offsuit	0.1408	0.0323	-0.2637
2	Q	suited	0.1844	0.0321	-0.0459
2	K	offsuit	0.1551	0.0339	-0.1906
2	K	suited	0.189	0.0349	-0.0201
2	A	offsuit	0.1776	0.0385	-0.0735
2	A	suited	0.2298	0.0363	0.1853
3	3	offsuit	0.1895	0.006	-0.0465
3	4	offsuit	0.1159	0.0259	-0.3946
3	4	suited	0.1674	0.0216	-0.1414
3	5	offsuit	0.122	0.0266	-0.3634
3	5	suited	0.1649	0.0251	-0.1504
3	6	offsuit	0.1137	0.025	-0.4065
3	6	suited	0.1536	0.0254	-0.2066
3	7	offsuit	0.1093	0.0229	-0.4306
3	7	suited	0.1586	0.0242	-0.1828
3	8	offsuit	0.1086	0.0278	-0.4292
3	8	suited	0.142	0.0248	-0.2652
3	9	offsuit	0.1139	0.0295	-0.401
3	9	suited	0.1619	0.0257	-0.1648
3	T	offsuit	0.1256	0.0292	-0.3428
3	T	suited	0.1659	0.0248	-0.1457
3	J	offsuit	0.1325	0.0324	-0.3051
3	J	suited	0.1783	0.029	-0.0795
3	Q	offsuit	0.1421	0.0312	-0.2583
3	Q	suited	0.1886	0.0303	-0.0267
3	K	offsuit	0.1597	0.0349	-0.1666
3	K	suited	0.1999	0.0348	0.0343
3	A	offsuit	0.1882	0.0374	-0.0216
3	A	suited	0.2293	0.0374	0.1839
4	4	offsuit	0.1976	0.0074	-0.0046
4	5	offsuit	0.1348	0.0277	-0.2983
4	5	suited	0.1782	0.0265	-0.0825
4	6	offsuit	0.1355	0.0298	-0.2927
4	6	suited	0.1737	0.0245	-0.107
4	7	offsuit	0.122	0.0285	-0.3615
4	7	suited	0.1636	0.0244	-0.1576
4	8	offsuit	0.1245	0.0279	-0.3496
4	8	suited	0.1597	0.0268	-0.1747
4	9	offsuit	0.1154	0.0297	-0.3933
4	9	suited	0.159	0.028	-0.177
4	T	offsuit	0.1265	0.035	-0.3325
4	T	suited	0.1698	0.0306	-0.1204
4	J	offsuit	0.1434	0.0334	-0.2496
4	J	suited	0.1773	0.0281	-0.0854
4	Q	offsuit	0.1534	0.0332	-0.1998
4	Q	suited	0.1915	0.0326	-0.0099
4	K	offsuit	0.1655	0.0366	-0.1359
4	K	suited	0.2075	0.0393	0.0768
4	A	offsuit	0.1917	0.0433	0.0018
4	A	suited	0.2421	0.0389	0.2494
5	5	offsuit	0.2133	0.008	0.0745
5	6	offsuit	0.1472	0.0286	-0.2354
5	6	suited	0.1829	0.0274	-0.0581
5	7	offsuit	0.1452	0.0307	-0.2433
5	7	suited	0.182	0.0298	-0.0602
5	8	offsuit	0.1473	0.0279	-0.2356
5	8	suited	0.1776	0.0284	-0.0836
5	9	offsuit	0.136	0.0305	-0.2895
5	9	suited	0.1867	0.0287	-0.0378
5	T	offsuit	0.1313	0.0332	-0.3103
5	T	suited	0.176	0.0307	-0.0893
5	J	offsuit	0.1424	0.0338	-0.2542
5	J	suited	0.1859	0.0303	-0.0402
5	Q	offsuit	0.1575	0.0365	-0.176
5	Q	suited	0.1965	0.0321	0.0146
5	K	offsuit	0.1645	0.0398	-0.1377
5	K	suited	0.209	0.0343	0.0793
5	A	offsuit	0.1932	0.0369	0.0029
5	A	suited	0.2388	0.0408	0.2348
6	6	offsuit	0.2382	0.0081	0.1991
6	7	offsuit	0.1568	0.0276	-0.1884
6	7	suited	0.19	0.0301	-0.0199
6	8	offsuit	0.1572	0.0291	-0.1849
6	8	suited	0.1938	0.0296	-0.0014
6	9	offsuit	0.1456	0.0274	-0.2446
6	9	suited	0.1874	0.0287	-0.0343
6	T	offsuit	0.1493	0.0331	-0.2204
6	T	suited	0.1871	0.0344	-0.0301
6	J	offsuit	0.1566	0.0335	-0.1835
6	J	suited	0.1878	0.0334	-0.0276
6	Q	offsuit	0.1644	0.0319	-0.1461
6	Q	suited	0.2069	0.0355	0.07
6	K	offsuit	0.1854	0.0374	-0.0356
6	K	suited	0.2219	0.0341	0.1436
6	A	offsuit	0.1896	0.0374	-0.0146
6	A	suited	0.2294	0.038	0.185
7	7	offsuit	0.2683	0.0083	0.3498
7	8	offsuit	0.1707	0.0271	-0.1194
7	8	suited	0.2028	0.0287	0.0427
7	9	offsuit	0.1771	0.0294	-0.0851
7	9	suited	0.2053	0.0314	0.0579
7	T	offsuit	0.1744	0.0302	-0.0978
7	T	suited	0.2026	0.0309	0.0439
7	J	offsuit	0.1742	0.0315	-0.0975
7	J	suited	0.2091	0.0307	0.0762
7	Q	offsuit	0.1714	0.0321	-0.1109
7	Q	suited	0.2156	0.0284	0.1064
7	K	offsuit	0.1838	0.0374	-0.0436
7	K	suited	0.2281	0.0328	0.1733
7	A	offsuit	0.2078	0.0359	0.0749
7	A	suited	0.2471	0.0336	0.2691
8	8	offsuit	0.2928	0.0083	0.4723
8	9	offsuit	0.1901	0.0268	-0.0227
8	9	suited	0.2227	0.0262	0.1397
8	T	offsuit	0.1892	0.0288	-0.0252
8	T	suited	0.231	0.0304	0.1854
8	J	offsuit	0.1916	0.0262	-0.0158
8	J	suited	0.2249	0.0291	0.1536
8	Q	offsuit	0.1885	0.031	-0.0265
8	Q	suited	0.2242	0.0311	0.1521
8	K	offsuit	0.1939	0.0306	9.99999999999e-05
8	K	suited	0.2414	0.0307	0.2377
8	A	offsuit	0.2226	0.0363	0.1493
8	A	suited	0.2562	0.0341	0.3151
9	9	offsuit	0.3216	0.0098	0.6178
9	T	offsuit	0.2151	0.0283	0.1038
9	T	suited	0.2438	0.028	0.247
9	J	offsuit	0.2101	0.0256	0.0761
9	J	suited	0.2375	0.0303	0.2178
9	Q	offsuit	0.2118	0.026	0.085
9	Q	suited	0.2513	0.0261	0.2826
9	K	offsuit	0.2291	0.0283	0.1738
9	K	suited	0.2587	0.0292	0.3227
9	A	offsuit	0.2334	0.0331	0.2001
9	A	suited	0.2674	0.0293	0.3663
T	T	offsuit	0.3717	0.0073	0.8658
T	J	offsuit	0.2355	0.0273	0.2048
T	J	suited	0.2701	0.0266	0.3771
T	Q	offsuit	0.246	0.0257	0.2557
T	Q	suited	0.2702	0.0246	0.3756
T	K	offsuit	0.2606	0.0273	0.3303
T	K	suited	0.2932	0.0277	0.4937
T	A	offsuit	0.2691	0.0315	0.377
T	A	suited	0.2956	0.0303	0.5083
J	J	offsuit	0.4014	0.0083	1.0153
J	Q	offsuit	0.2567	0.0269	0.3104
J	Q	suited	0.2952	0.0221	0.4981
J	K	offsuit	0.271	0.0273	0.3823
J	K	suited	0.2975	0.0258	0.5133
J	A	offsuit	0.2764	0.0259	0.4079
J	A	suited	0.3072	0.027	0.563
Q	Q	offsuit	0.443	0.0072	1.2222
Q	K	offsuit	0.2867	0.0229	0.4564
Q	K	suited	0.3163	0.0224	0.6039
Q	A	offsuit	0.2908	0.0258	0.4798
Q	A	suited	0.3381	0.0229	0.7134
K	K	offsuit	0.4943	0.006	1.4775
K	A	offsuit	0.3076	0.0203	0.5583
K	A	suited	0.3426	0.0216	0.7346
A	A	offsuit	0.5556	0.0057	1.7837
