2	2	offsuit	0.1406	0.0051	-0.0107
2	3	offsuit	0.0705	0.014	-0.4925
2	3	suited	0.1066	0.0166	-0.2372
2	4	offsuit	0.0738	0.0164	-0.467
2	4	suited	0.1144	0.0182	-0.181
2	5	offsuit	0.0779	0.0211	-0.4336
2	5	suited	0.1148	0.017	-0.1794
2	6	offsuit	0.0665	0.0207	-0.5138
2	6	suited	0.1075	0.0172	-0.2303
2	7	offsuit	0.0638	0.0219	-0.5315
2	7	suited	0.1012	0.0169	-0.2747
2	8	offsuit	0.0653	0.0222	-0.5207
2	8	suited	0.1036	0.0208	-0.254
2	9	offsuit	0.0672	0.0224	-0.5072
2	9	suited	0.1102	0.0236	-0.205
2	T	offsuit	0.0739	0.0244	-0.4583
2	T	suited	0.1204	0.0228	-0.1344
2	J	offsuit	0.0861	0.0251	-0.3722
2	J	suited	0.1291	0.0234	-0.0729
2	Q	offsuit	0.0918	0.0284	-0.329
2	Q	suited	0.1341	0.0269	-0.0344
2	K	offsuit	0.1087	0.0282	-0.2109
2	K	suited	0.1468	0.0275	0.0551
2	A	offsuit	0.1212	0.0304	-0.1212
2	A	suited	0.1679	0.0329	0.2082
3	3	offsuit	0.1463	0.0056	0.0297
3	4	offsuit	0.0812	0.0211	-0.4105
3	4	suited	0.1225	0.0187	-0.1238
3	5	offsuit	0.0944	0.0218	-0.3174
3	5	suited	0.1335	0.0226	-0.0429
3	6	offsuit	0.0834	0.0195	-0.3967
3	6	suited	0.1221	0.0229	-0.1224
3	7	offsuit	0.0732	0.0211	-0.4665
3	7	suited	0.1066	0.0218	-0.232
3	8	offsuit	0.0656	0.0225	-0.5183
3	8	suited	0.1037	0.0204	-0.2537
3	9	offsuit	0.0693	0.0242	-0.4907
3	9	suited	0.1207	0.0252	-0.1299
3	T	offsuit	0.0781	0.0274	-0.4259
3	T	suited	0.1262	0.0287	-0.0879
3	J	offsuit	0.0842	0.026	-0.3846
3	J	suited	0.1301	0.0235	-0.0658
3	Q	offsuit	0.0935	0.0303	-0.3152
3	Q	suited	0.147	0.0275	0.0565
3	K	offsuit	0.1097	0.0283	-0.2038
3	K	suited	0.153	0.0274	0.0984
3	A	offsuit	0.1265	0.0341	-0.0804
3	A	suited	0.1713	0.0319	0.231
4	4	offsuit	0.1478	0.0092	0.0438
4	5	offsuit	0.0969	0.026	-0.2957
4	5	suited	0.1328	0.025	-0.0454
4	6	offsuit	0.0932	0.0237	-0.3239
4	6	suited	0.1282	0.0223	-0.0803
4	7	offsuit	0.0841	0.023	-0.3883
4	7	suited	0.119	0.0247	-0.1423
4	8	offsuit	0.0831	0.0262	-0.3921
4	8	suited	0.1175	0.0213	-0.1562
4	9	offsuit	0.0753	0.0271	-0.4458
4	9	suited	0.1095	0.0248	-0.2087
4	T	offsuit	0.0828	0.0294	-0.391
4	T	suited	0.1271	0.0282	-0.0821
4	J	offsuit	0.082	0.0307	-0.3953
4	J	suited	0.1268	0.0304	-0.082
4	Q	offsuit	0.102	0.0316	-0.2544
4	Q	suited	0.1371	0.0257	-0.0146
4	K	offsuit	0.1106	0.0327	-0.1931
4	K	suited	0.151	0.0295	0.0865
4	A	offsuit	0.1295	0.0372	-0.0563
4	A	suited	0.1724	0.0345	0.2413
5	5	offsuit	0.1555	0.0084	0.0969
5	6	offsuit	0.1019	0.0234	-0.2633
5	6	suited	0.1479	0.0238	0.0591
5	7	offsuit	0.0975	0.0268	-0.2907
5	7	suited	0.1392	0.0245	-0.0011
5	8	offsuit	0.0936	0.0255	-0.3193
5	8	suited	0.1299	0.0249	-0.0658
5	9	offsuit	0.0829	0.0268	-0.3929
5	9	suited	0.1261	0.0257	-0.0916
5	T	offsuit	0.0795	0.032	-0.4115
5	T	suited	0.1261	0.0249	-0.0924
5	J	offsuit	0.0911	0.0335	-0.3288
5	J	suited	0.1331	0.029	-0.0393
5	Q	offsuit	0.1001	0.0317	-0.2676
5	Q	suited	0.1445	0.0315	0.043
5	K	offsuit	0.113	0.0377	-0.1713
5	K	suited	0.1564	0.0337	0.1285
5	A	offsuit	0.1428	0.0388	0.0384
5	A	suited	0.1774	0.0376	0.2794
6	6	offsuit	0.173	0.0077	0.2187
6	7	offsuit	0.1103	0.0246	-0.2033
6	7	suited	0.1486	0.027	0.0672
6	8	offsuit	0.1097	0.0254	-0.2067
6	8	suited	0.1418	0.024	0.0166
6	9	offsuit	0.1	0.0258	-0.2742
6	9	suited	0.139	0.0274	0.0004
6	T	offsuit	0.099	0.028	-0.279
6	T	suited	0.142	0.028	0.022
6	J	offsuit	0.0887	0.0325	-0.3466
6	J	suited	0.1355	0.0259	-0.0256
6	Q	offsuit	0.1024	0.0334	-0.2498
6	Q	suited	0.1444	0.0283	0.0391
6	K	offsuit	0.1172	0.0313	-0.1483
6	K	suited	0.1624	0.0343	0.1711
6	A	offsuit	0.1312	0.0359	-0.0457
6	A	suited	0.178	0.0339	0.2799
7	7	offsuit	0.1808	0.0094	0.275
7	8	offsuit	0.1168	0.028	-0.1544
7	8	suited	0.1652	0.0228	0.1792
7	9	offsuit	0.1168	0.0276	-0.1548
7	9	suited	0.1462	0.0271	0.0505
7	T	offsuit	0.1168	0.0295	-0.1529
7	T	suited	0.1566	0.0283	0.1245
7	J	offsuit	0.1108	0.0293	-0.1951
7	J	suited	0.1583	0.0253	0.1334
7	Q	offsuit	0.1073	0.0312	-0.2177
7	Q	suited	0.1559	0.0269	0.1182
7	K	offsuit	0.1284	0.0307	-0.0705
7	K	suited	0.1711	0.03	0.2277
7	A	offsuit	0.1388	0.0362	0.0078
7	A	suited	0.1818	0.0331	0.3057
8	8	offsuit	0.2041	0.009	0.4377
8	9	offsuit	0.1309	0.0256	-0.0581
8	9	suited	0.1639	0.0253	0.1726
8	T	offsuit	0.1384	0.0272	-0.004
8	T	suited	0.176	0.0295	0.2615
8	J	offsuit	0.127	0.0306	-0.0804
8	J	suited	0.1648	0.0265	0.1801
8	Q	offsuit	0.1287	0.0276	-0.0715
8	Q	suited	0.1702	0.0307	0.2221
8	K	offsuit	0.1309	0.0277	-0.056
8	K	suited	0.1692	0.0267	0.2111
8	A	offsuit	0.1461	0.0342	0.0569
8	A	suited	0.187	0.0328	0.3418
9	9	offsuit	0.2247	0.0079	0.5808
9	T	offsuit	0.1459	0.0257	0.047
9	T	suited	0.1861	0.0277	0.3304
9	J	offsuit	0.1467	0.0283	0.0552
9	J	suited	0.1826	0.0246	0.3028
9	Q	offsuit	0.1504	0.0241	0.0769
9	Q	suited	0.1874	0.0267	0.3385
9	K	offsuit	0.1563	0.0285	0.1226
9	K	suited	0.1906	0.0319	0.3661
9	A	offsuit	0.1606	0.0289	0.1531
9	A	suited	0.1946	0.033	0.3952
T	T	offsuit	0.2417	0.0095	0.7014
T	J	offsuit	0.1733	0.0271	0.2402
T	J	suited	0.2093	0.0276	0.4927
T	Q	offsuit	0.1766	0.0296	0.2658
T	Q	suited	0.2049	0.0256	0.4599
T	K	offsuit	0.1841	0.0283	0.317
T	K	suited	0.2144	0.0267	0.5275
T	A	offsuit	0.1852	0.0308	0.3272
T	A	suited	0.2185	0.0308	0.5603
J	J	offsuit	0.2903	0.009	1.0411
J	Q	offsuit	0.1766	0.0255	0.2617
J	Q	suited	0.2204	0.0239	0.5667
J	K	offsuit	0.1965	0.0215	0.397
J	K	suited	0.2317	0.024	0.6459
J	A	offsuit	0.2004	0.0248	0.4276
J	A	suited	0.2336	0.027	0.6622
Q	Q	offsuit	0.3228	0.0067	1.2663
Q	K	offsuit	0.207	0.0215	0.4705
Q	K	suited	0.2409	0.0224	0.7087
Q	A	offsuit	0.2068	0.0231	0.4707
Q	A	suited	0.2486	0.0226	0.7628
K	K	offsuit	0.3724	0.0075	1.6143
K	A	offsuit	0.2333	0.0208	0.6539
K	A	suited	0.259	0.021	0.834
A	A	offsuit	0.4257	0.0042	1.9841
