2	2	offsuit	0.158	0.0056	-0.0464
2	3	offsuit	0.0854	0.0185	-0.4691
2	3	suited	0.118	0.0144	-0.2776
2	4	offsuit	0.0904	0.0202	-0.4374
2	4	suited	0.1229	0.0211	-0.2415
2	5	offsuit	0.0945	0.0197	-0.4133
2	5	suited	0.1312	0.0187	-0.1941
2	6	offsuit	0.0812	0.0216	-0.4912
2	6	suited	0.1261	0.0191	-0.2243
2	7	offsuit	0.0753	0.019	-0.5292
2	7	suited	0.1169	0.021	-0.2776
2	8	offsuit	0.0789	0.0227	-0.5039
2	8	suited	0.1161	0.0235	-0.2799
2	9	offsuit	0.0912	0.0232	-0.4296
2	9	suited	0.132	0.0211	-0.1869
2	T	offsuit	0.0905	0.0256	-0.4314
2	T	suited	0.1355	0.0262	-0.1608
2	J	offsuit	0.1045	0.0276	-0.3454
2	J	suited	0.1487	0.0281	-0.0797
2	Q	offsuit	0.1148	0.0287	-0.2825
2	Q	suited	0.154	0.0247	-0.0513
2	K	offsuit	0.124	0.027	-0.229
2	K	suited	0.1741	0.0253	0.0699
2	A	offsuit	0.1475	0.035	-0.08
2	A	suited	0.1913	0.036	0.1838
3	3	offsuit	0.1578	0.0059	-0.0473
3	4	offsuit	0.0981	0.0232	-0.3882
3	4	suited	0.1424	0.0215	-0.1241
3	5	offsuit	0.1066	0.0234	-0.337
3	5	suited	0.1454	0.0231	-0.1045
3	6	offsuit	0.0951	0.0235	-0.4059
3	6	suited	0.1409	0.0187	-0.1359
3	7	offsuit	0.0914	0.0215	-0.4301
3	7	suited	0.1337	0.0235	-0.1743
3	8	offsuit	0.0832	0.028	-0.4728
3	8	suited	0.1265	0.0227	-0.2183
3	9	offsuit	0.0894	0.026	-0.4376
3	9	suited	0.1343	0.0227	-0.1715
3	T	offsuit	0.0947	0.0259	-0.4059
3	T	suited	0.1377	0.027	-0.1468
3	J	offsuit	0.1059	0.0277	-0.3369
3	J	suited	0.1529	0.0242	-0.0584
3	Q	offsuit	0.1168	0.0272	-0.272
3	Q	suited	0.1615	0.0282	-0.0028
3	K	offsuit	0.1308	0.0311	-0.1841
3	K	suited	0.1746	0.0284	0.076
3	A	offsuit	0.1531	0.0382	-0.0432
3	A	suited	0.1948	0.0357	0.2045
4	4	offsuit	0.1707	0.0094	0.0336
4	5	offsuit	0.1173	0.0243	-0.2719
4	5	suited	0.158	0.0265	-0.0255
4	6	offsuit	0.1103	0.0232	-0.315
4	6	suited	0.1532	0.0235	-0.0573
4	7	offsuit	0.1048	0.0254	-0.3458
4	7	suited	0.145	0.0263	-0.1037
4	8	offsuit	0.0955	0.0247	-0.4023
4	8	suited	0.1398	0.0248	-0.1364
4	9	offsuit	0.0932	0.0275	-0.4133
4	9	suited	0.1352	0.0253	-0.1635
4	T	offsuit	0.0986	0.0303	-0.3781
4	T	suited	0.1434	0.0274	-0.1122
4	J	offsuit	0.1123	0.0328	-0.2934
4	J	suited	0.154	0.0307	-0.0453
4	Q	offsuit	0.1166	0.0304	-0.27
4	Q	suited	0.1715	0.0314	0.0604
4	K	offsuit	0.1406	0.0347	-0.1217
4	K	suited	0.1746	0.0302	0.0778
4	A	offsuit	0.1597	0.0368	-0.005
4	A	suited	0.1985	0.0392	0.2302
5	5	offsuit	0.1799	0.0081	0.0875
5	6	offsuit	0.1224	0.0264	-0.2392
5	6	suited	0.1608	0.026	-0.0092
5	7	offsuit	0.1194	0.0277	-0.2559
5	7	suited	0.1537	0.0282	-0.0496
5	8	offsuit	0.1079	0.029	-0.3236
5	8	suited	0.1498	0.0228	-0.0784
5	9	offsuit	0.107	0.0271	-0.3309
5	9	suited	0.1475	0.029	-0.086
5	T	offsuit	0.1013	0.0327	-0.3595
5	T	suited	0.1492	0.0307	-0.0741
5	J	offsuit	0.1151	0.0327	-0.2767
5	J	suited	0.1528	0.0298	-0.0534
5	Q	offsuit	0.1232	0.033	-0.2278
5	Q	suited	0.1634	0.0335	0.0139
5	K	offsuit	0.1334	0.0364	-0.1632
5	K	suited	0.18	0.0335	0.1135
5	A	offsuit	0.1596	0.0386	-0.0038
5	A	suited	0.2016	0.0369	0.2465
6	6	offsuit	0.1952	0.0072	0.1784
6	7	offsuit	0.1244	0.028	-0.2256
6	7	suited	0.1595	0.0259	-0.0171
6	8	offsuit	0.1199	0.0277	-0.2529
6	8	suited	0.1669	0.0272	0.0286
6	9	offsuit	0.1243	0.0293	-0.2249
6	9	suited	0.1667	0.0296	0.0298
6	T	offsuit	0.1206	0.0287	-0.2477
6	T	suited	0.1601	0.0284	-0.011
6	J	offsuit	0.1172	0.0298	-0.267
6	J	suited	0.1598	0.0308	-0.0104
6	Q	offsuit	0.1281	0.0321	-0.1993
6	Q	suited	0.1682	0.0323	0.0415
6	K	offsuit	0.1444	0.0354	-0.0982
6	K	suited	0.1931	0.0323	0.1909
6	A	offsuit	0.1579	0.035	-0.0176
6	A	suited	0.1959	0.0362	0.2116
7	7	offsuit	0.2147	0.0084	0.2966
7	8	offsuit	0.1446	0.0279	-0.1045
7	8	suited	0.169	0.0243	0.0383
7	9	offsuit	0.1441	0.0265	-0.1089
7	9	suited	0.1724	0.0284	0.0628
7	T	offsuit	0.1355	0.0318	-0.1552
7	T	suited	0.1757	0.0296	0.0838
7	J	offsuit	0.1356	0.0273	-0.1591
7	J	suited	0.1721	0.029	0.0616
7	Q	offsuit	0.1348	0.0317	-0.1595
7	Q	suited	0.1762	0.0302	0.0874
7	K	offsuit	0.1467	0.0308	-0.089
7	K	suited	0.1955	0.0296	0.2026
7	A	offsuit	0.1639	0.037	0.0204
7	A	suited	0.2045	0.0339	0.2609
8	8	offsuit	0.2435	0.0093	0.4703
8	9	offsuit	0.1565	0.0301	-0.0309
8	9	suited	0.1939	0.0253	0.1887
8	T	offsuit	0.155	0.0291	-0.0409
8	T	suited	0.194	0.025	0.189
8	J	offsuit	0.1541	0.027	-0.0484
8	J	suited	0.191	0.0273	0.1733
8	Q	offsuit	0.1558	0.0296	-0.0356
8	Q	suited	0.1986	0.0306	0.2222
8	K	offsuit	0.1579	0.0318	-0.0208
8	K	suited	0.2008	0.0294	0.2342
8	A	offsuit	0.1822	0.0338	0.127
8	A	suited	0.2171	0.0315	0.3341
9	9	offsuit	0.2596	0.0089	0.5665
9	T	offsuit	0.1713	0.0292	0.057
9	T	suited	0.2139	0.023	0.3064
9	J	offsuit	0.174	0.0264	0.0704
9	J	suited	0.209	0.0233	0.2773
9	Q	offsuit	0.1746	0.028	0.0756
9	Q	suited	0.2141	0.0288	0.3134
9	K	offsuit	0.1766	0.0269	0.0865
9	K	suited	0.2185	0.0304	0.3414
9	A	offsuit	0.1898	0.0308	0.1696
9	A	suited	0.2324	0.0301	0.4245
T	T	offsuit	0.2946	0.0091	0.7767
T	J	offsuit	0.2001	0.0298	0.2304
T	J	suited	0.2342	0.0255	0.4307
T	Q	offsuit	0.205	0.0274	0.2574
T	Q	suited	0.2387	0.027	0.4592
T	K	offsuit	0.2185	0.0286	0.3396
T	K	suited	0.2551	0.0255	0.5561
T	A	offsuit	0.2107	0.0317	0.2959
T	A	suited	0.2557	0.0274	0.5616
J	J	offsuit	0.329	0.0091	0.9831
J	Q	offsuit	0.2176	0.0237	0.3293
J	Q	suited	0.2585	0.0237	0.5747
J	K	offsuit	0.2289	0.0226	0.396
J	K	suited	0.2604	0.0262	0.5886
J	A	offsuit	0.2269	0.0259	0.3873
J	A	suited	0.2639	0.0245	0.6079
Q	Q	offsuit	0.3709	0.0051	1.2305
Q	K	offsuit	0.2482	0.0231	0.5123
Q	K	suited	0.2812	0.0235	0.7107
Q	A	offsuit	0.2474	0.0255	0.5099
Q	A	suited	0.2856	0.0201	0.7337
K	K	offsuit	0.421	0.0061	1.5321
K	A	offsuit	0.267	0.021	0.623
K	A	suited	0.2996	0.0191	0.8167
A	A	offsuit	0.494	0.0075	1.9715
