2	2	offsuit	0.4938	0.0184	0.006
2	3	offsuit	0.2938	0.0651	-0.3473
2	3	suited	0.3341	0.0577	-0.2741
2	4	offsuit	0.2979	0.0643	-0.3399
2	4	suited	0.3449	0.0567	-0.2535
2	5	offsuit	0.3057	0.0656	-0.323
2	5	suited	0.3517	0.0581	-0.2385
2	6	offsuit	0.3116	0.0558	-0.321
2	6	suited	0.342	0.0584	-0.2576
2	7	offsuit	0.3243	0.054	-0.2974
2	7	suited	0.3484	0.054	-0.2492
2	8	offsuit	0.3429	0.0537	-0.2605
2	8	suited	0.3811	0.0512	-0.1866
2	9	offsuit	0.3617	0.0528	-0.2238
2	9	suited	0.4061	0.0478	-0.14
2	T	offsuit	0.3939	0.0469	-0.1653
2	T	suited	0.418	0.0475	-0.1165
2	J	offsuit	0.4195	0.0464	-0.1146
2	J	suited	0.455	0.0405	-0.0495
2	Q	offsuit	0.4542	0.0435	-0.0481
2	Q	suited	0.4818	0.0425	0.0061
2	K	offsuit	0.4803	0.0407	0.0013
2	K	suited	0.5137	0.0397	0.0671
2	A	offsuit	0.5355	0.0445	0.1155
2	A	suited	0.5497	0.0383	0.1377
3	3	offsuit	0.5256	0.0169	0.0681
3	4	offsuit	0.318	0.0644	-0.2996
3	4	suited	0.3565	0.058	-0.229
3	5	offsuit	0.335	0.063	-0.267
3	5	suited	0.3616	0.0591	-0.2177
3	6	offsuit	0.3317	0.0596	-0.277
3	6	suited	0.3631	0.0586	-0.2152
3	7	offsuit	0.3397	0.0585	-0.2621
3	7	suited	0.3802	0.0548	-0.1848
3	8	offsuit	0.3437	0.0509	-0.2617
3	8	suited	0.3759	0.0512	-0.197
3	9	offsuit	0.3702	0.0516	-0.208
3	9	suited	0.4061	0.0482	-0.1396
3	T	offsuit	0.4017	0.0505	-0.1461
3	T	suited	0.4348	0.0484	-0.082
3	J	offsuit	0.4325	0.0469	-0.0881
3	J	suited	0.4576	0.0388	-0.046
3	Q	offsuit	0.4533	0.0455	-0.0479
3	Q	suited	0.4863	0.0423	0.0149
3	K	offsuit	0.5011	0.0446	0.0468
3	K	suited	0.5191	0.0421	0.0803
3	A	offsuit	0.536	0.0407	0.1127
3	A	suited	0.5576	0.0383	0.1535
4	4	offsuit	0.5549	0.0171	0.1269
4	5	offsuit	0.3414	0.0597	-0.2575
4	5	suited	0.3799	0.0579	-0.1823
4	6	offsuit	0.352	0.0569	-0.2391
4	6	suited	0.3832	0.0564	-0.1772
4	7	offsuit	0.3582	0.0572	-0.2264
4	7	suited	0.392	0.0547	-0.1613
4	8	offsuit	0.3717	0.0566	-0.2
4	8	suited	0.4046	0.0486	-0.1422
4	9	offsuit	0.3835	0.0506	-0.1824
4	9	suited	0.4117	0.0486	-0.128
4	T	offsuit	0.4083	0.0505	-0.1329
4	T	suited	0.4391	0.047	-0.0748
4	J	offsuit	0.4369	0.0497	-0.0765
4	J	suited	0.4686	0.0427	-0.0201
4	Q	offsuit	0.4656	0.0432	-0.0256
4	Q	suited	0.5013	0.0416	0.0442
4	K	offsuit	0.4977	0.0429	0.0383
4	K	suited	0.5301	0.0376	0.0978
4	A	offsuit	0.5499	0.0399	0.1397
4	A	suited	0.5733	0.0382	0.1848
5	5	offsuit	0.5932	0.0131	0.1995
5	6	offsuit	0.3687	0.0573	-0.2053
5	6	suited	0.3994	0.0522	-0.149
5	7	offsuit	0.3798	0.0561	-0.1843
5	7	suited	0.4034	0.0533	-0.1399
5	8	offsuit	0.38	0.0541	-0.1859
5	8	suited	0.4269	0.0481	-0.0981
5	9	offsuit	0.398	0.0521	-0.1519
5	9	suited	0.439	0.0462	-0.0758
5	T	offsuit	0.4206	0.046	-0.1128
5	T	suited	0.4423	0.0462	-0.0692
5	J	offsuit	0.4533	0.0488	-0.0446
5	J	suited	0.4739	0.0441	-0.0081
5	Q	offsuit	0.479	0.0441	0.0021
5	Q	suited	0.5031	0.0407	0.0469
5	K	offsuit	0.5142	0.042	0.0704
5	K	suited	0.5336	0.0401	0.1073
5	A	offsuit	0.5604	0.0392	0.16
5	A	suited	0.5718	0.04	0.1836
6	6	offsuit	0.6272	0.0116	0.266
6	7	offsuit	0.3961	0.0569	-0.1509
6	7	suited	0.4197	0.0503	-0.1103
6	8	offsuit	0.3971	0.0533	-0.1525
6	8	suited	0.4483	0.047	-0.0564
6	9	offsuit	0.417	0.0465	-0.1195
6	9	suited	0.4559	0.0458	-0.0424
6	T	offsuit	0.4393	0.0439	-0.0775
6	T	suited	0.467	0.0458	-0.0202
6	J	offsuit	0.4631	0.0461	-0.0277
6	J	suited	0.4735	0.0403	-0.0127
6	Q	offsuit	0.4866	0.0424	0.0156
6	Q	suited	0.5276	0.037	0.0922
6	K	offsuit	0.5292	0.0393	0.0977
6	K	suited	0.5494	0.0376	0.1364
6	A	offsuit	0.5591	0.0393	0.1575
6	A	suited	0.5939	0.0356	0.2234
7	7	offsuit	0.6505	0.0105	0.3115
7	8	offsuit	0.4273	0.0464	-0.099
7	8	suited	0.4551	0.0439	-0.0459
7	9	offsuit	0.437	0.0433	-0.0827
7	9	suited	0.4669	0.0444	-0.0218
7	T	offsuit	0.4554	0.0402	-0.049
7	T	suited	0.4895	0.0381	0.0171
7	J	offsuit	0.4767	0.0426	-0.004
7	J	suited	0.5074	0.0408	0.0556
7	Q	offsuit	0.4947	0.0374	0.0268
7	Q	suited	0.5235	0.0367	0.0837
7	K	offsuit	0.5409	0.0324	0.1142
7	K	suited	0.558	0.0332	0.1492
7	A	offsuit	0.5744	0.0348	0.1836
7	A	suited	0.5858	0.0316	0.2032
8	8	offsuit	0.6854	0.0093	0.3801
8	9	offsuit	0.471	0.0393	-0.0187
8	9	suited	0.4892	0.0379	0.0163
8	T	offsuit	0.4744	0.0383	-0.0129
8	T	suited	0.506	0.0382	0.0502
8	J	offsuit	0.4961	0.0373	0.0295
8	J	suited	0.5241	0.0348	0.083
8	Q	offsuit	0.521	0.0357	0.0777
8	Q	suited	0.5535	0.032	0.139
8	K	offsuit	0.5381	0.0324	0.1086
8	K	suited	0.5699	0.0301	0.1699
8	A	offsuit	0.5846	0.0296	0.1988
8	A	suited	0.6059	0.029	0.2408
9	9	offsuit	0.7215	0.0088	0.4518
9	T	offsuit	0.5068	0.0335	0.0471
9	T	suited	0.5282	0.0332	0.0896
9	J	offsuit	0.5153	0.0323	0.0629
9	J	suited	0.542	0.0294	0.1134
9	Q	offsuit	0.5342	0.0299	0.0983
9	Q	suited	0.5589	0.0329	0.1507
9	K	offsuit	0.5607	0.0284	0.1498
9	K	suited	0.591	0.0251	0.2071
9	A	offsuit	0.5964	0.0239	0.2167
9	A	suited	0.6127	0.0267	0.2521
T	T	offsuit	0.7478	0.007	0.5026
T	J	offsuit	0.5451	0.0272	0.1174
T	J	suited	0.5568	0.0289	0.1425
T	Q	offsuit	0.5658	0.0277	0.1593
T	Q	suited	0.5861	0.0278	0.2
T	K	offsuit	0.5924	0.0244	0.2092
T	K	suited	0.5946	0.0245	0.2137
T	A	offsuit	0.6193	0.02	0.2586
T	A	suited	0.6359	0.0213	0.2931
J	J	offsuit	0.7715	0.0061	0.5491
J	Q	offsuit	0.5645	0.0265	0.1555
J	Q	suited	0.5883	0.0238	0.2004
J	K	offsuit	0.5981	0.0218	0.218
J	K	suited	0.6127	0.0218	0.2472
J	A	offsuit	0.6255	0.0227	0.2737
J	A	suited	0.6426	0.0213	0.3065
Q	Q	offsuit	0.7985	0.0054	0.6024
Q	K	offsuit	0.607	0.0206	0.2346
Q	K	suited	0.6243	0.02	0.2686
Q	A	offsuit	0.6297	0.0182	0.2776
Q	A	suited	0.647	0.0203	0.3143
K	K	offsuit	0.8245	0.0063	0.6553
K	A	offsuit	0.6467	0.0184	0.3118
K	A	suited	0.6673	0.0144	0.349
A	A	offsuit	0.8503	0.0055	0.7061
