2	2	offsuit	0.2108	0.009	-0.1478
2	3	offsuit	0.1353	0.0236	-0.4352
2	3	suited	0.1699	0.0259	-0.2945
2	4	offsuit	0.1376	0.0255	-0.4241
2	4	suited	0.1789	0.023	-0.2614
2	5	offsuit	0.1443	0.0268	-0.396
2	5	suited	0.1927	0.0259	-0.2033
2	6	offsuit	0.1375	0.026	-0.424
2	6	suited	0.1779	0.0266	-0.2618
2	7	offsuit	0.1319	0.0251	-0.4473
2	7	suited	0.1772	0.0259	-0.2653
2	8	offsuit	0.1384	0.0303	-0.4161
2	8	suited	0.1824	0.0287	-0.2417
2	9	offsuit	0.1522	0.0309	-0.3603
2	9	suited	0.1834	0.0308	-0.2356
2	T	offsuit	0.1611	0.0313	-0.3243
2	T	suited	0.2011	0.0305	-0.1651
2	J	offsuit	0.1729	0.0336	-0.2748
2	J	suited	0.2086	0.031	-0.1346
2	Q	offsuit	0.1842	0.0345	-0.2287
2	Q	suited	0.225	0.0342	-0.0658
2	K	offsuit	0.2081	0.0365	-0.1311
2	K	suited	0.2458	0.033	0.0162
2	A	offsuit	0.2376	0.0401	-0.0095
2	A	suited	0.279	0.0364	0.1524
3	3	offsuit	0.2336	0.0062	-0.0594
3	4	offsuit	0.1473	0.0287	-0.3821
3	4	suited	0.1951	0.0258	-0.1938
3	5	offsuit	0.1582	0.032	-0.3352
3	5	suited	0.1905	0.0275	-0.2105
3	6	offsuit	0.1543	0.0287	-0.3541
3	6	suited	0.1952	0.0244	-0.1948
3	7	offsuit	0.1441	0.0288	-0.3948
3	7	suited	0.1896	0.0262	-0.2154
3	8	offsuit	0.1408	0.028	-0.4088
3	8	suited	0.1904	0.0283	-0.2101
3	9	offsuit	0.1502	0.0318	-0.3674
3	9	suited	0.2009	0.029	-0.1674
3	T	offsuit	0.1605	0.0317	-0.3263
3	T	suited	0.2064	0.0296	-0.1448
3	J	offsuit	0.1818	0.0354	-0.2374
3	J	suited	0.2217	0.0301	-0.0831
3	Q	offsuit	0.1937	0.0359	-0.1893
3	Q	suited	0.2332	0.0312	-0.036
3	K	offsuit	0.2023	0.0358	-0.155
3	K	suited	0.2479	0.0362	0.0278
3	A	offsuit	0.2426	0.0425	0.0129
3	A	suited	0.2867	0.0385	0.1853
4	4	offsuit	0.2602	0.0093	0.0501
4	5	offsuit	0.1789	0.0321	-0.2523
4	5	suited	0.2146	0.0287	-0.1129
4	6	offsuit	0.168	0.0308	-0.2972
4	6	suited	0.2088	0.0263	-0.1385
4	7	offsuit	0.1631	0.0285	-0.3191
4	7	suited	0.2105	0.029	-0.129
4	8	offsuit	0.1616	0.0302	-0.3234
4	8	suited	0.2016	0.0294	-0.1642
4	9	offsuit	0.1603	0.0327	-0.3261
4	9	suited	0.1944	0.0303	-0.1921
4	T	offsuit	0.1722	0.0331	-0.2781
4	T	suited	0.2223	0.0328	-0.078
4	J	offsuit	0.1767	0.0384	-0.2548
4	J	suited	0.2214	0.0331	-0.0813
4	Q	offsuit	0.1972	0.0336	-0.1776
4	Q	suited	0.2349	0.0344	-0.026
4	K	offsuit	0.2219	0.0371	-0.0753
4	K	suited	0.2606	0.0351	0.0775
4	A	offsuit	0.2458	0.0411	0.0243
4	A	suited	0.2955	0.0417	0.2237
5	5	offsuit	0.285	0.0082	0.1482
5	6	offsuit	0.1896	0.0318	-0.2098
5	6	suited	0.2226	0.0294	-0.0802
5	7	offsuit	0.183	0.0288	-0.2392
5	7	suited	0.2165	0.029	-0.105
5	8	offsuit	0.1766	0.0301	-0.2635
5	8	suited	0.2179	0.0296	-0.0988
5	9	offsuit	0.1758	0.033	-0.2638
5	9	suited	0.226	0.0346	-0.0614
5	T	offsuit	0.1796	0.0369	-0.2447
5	T	suited	0.2173	0.0347	-0.0961
5	J	offsuit	0.1946	0.0342	-0.1874
5	J	suited	0.2323	0.0355	-0.0353
5	Q	offsuit	0.2018	0.0412	-0.1516
5	Q	suited	0.2501	0.0356	0.036
5	K	offsuit	0.2254	0.0393	-0.0591
5	K	suited	0.2639	0.0365	0.0921
5	A	offsuit	0.2591	0.0435	0.0799
5	A	suited	0.2941	0.0385	0.2149
6	6	offsuit	0.3123	0.0101	0.2593
6	7	offsuit	0.2088	0.0298	-0.135
6	7	suited	0.2291	0.0305	-0.0531
6	8	offsuit	0.201	0.0329	-0.1631
6	8	suited	0.2376	0.0328	-0.0168
6	9	offsuit	0.2019	0.0306	-0.1618
6	9	suited	0.2423	0.0348	0.004
6	T	offsuit	0.1949	0.0332	-0.1872
6	T	suited	0.2356	0.0295	-0.0281
6	J	offsuit	0.1984	0.0338	-0.1726
6	J	suited	0.235	0.031	-0.029
6	Q	offsuit	0.2186	0.0361	-0.0895
6	Q	suited	0.2612	0.0333	0.0781
6	K	offsuit	0.2372	0.0329	-0.0183
6	K	suited	0.2781	0.0375	0.1499
6	A	offsuit	0.253	0.0404	0.0524
6	A	suited	0.3037	0.0385	0.2533
7	7	offsuit	0.3477	0.0073	0.3981
7	8	offsuit	0.2128	0.0294	-0.1194
7	8	suited	0.251	0.0276	0.0316
7	9	offsuit	0.2152	0.0282	-0.111
7	9	suited	0.2535	0.0283	0.0423
7	T	offsuit	0.2225	0.0319	-0.0781
7	T	suited	0.2539	0.0315	0.0471
7	J	offsuit	0.219	0.0333	-0.0907
7	J	suited	0.2551	0.0312	0.0516
7	Q	offsuit	0.2205	0.0332	-0.0848
7	Q	suited	0.2623	0.0338	0.083
7	K	offsuit	0.2531	0.0366	0.049
7	K	suited	0.2741	0.0361	0.1325
7	A	offsuit	0.267	0.0392	0.1072
7	A	suited	0.3001	0.0357	0.2361
8	8	offsuit	0.3712	0.007	0.4918
8	9	offsuit	0.2458	0.0293	0.0125
8	9	suited	0.2671	0.0298	0.0982
8	T	offsuit	0.2446	0.0327	0.0111
8	T	suited	0.2705	0.0309	0.1129
8	J	offsuit	0.2413	0.0302	-0.0046
8	J	suited	0.2742	0.0325	0.1293
8	Q	offsuit	0.2574	0.0298	0.0594
8	Q	suited	0.2875	0.0319	0.1819
8	K	offsuit	0.2512	0.0336	0.0384
8	K	suited	0.2913	0.0315	0.1967
8	A	offsuit	0.2805	0.0362	0.1582
8	A	suited	0.3143	0.0351	0.2923
9	9	offsuit	0.412	0.0087	0.6567
9	T	offsuit	0.2641	0.0308	0.0872
9	T	suited	0.2975	0.0295	0.2195
9	J	offsuit	0.2656	0.0273	0.0897
9	J	suited	0.3008	0.0275	0.2307
9	Q	offsuit	0.2771	0.0285	0.1369
9	Q	suited	0.3065	0.0258	0.2518
9	K	offsuit	0.2752	0.0277	0.1285
9	K	suited	0.3163	0.0277	0.2929
9	A	offsuit	0.2978	0.0334	0.2246
9	A	suited	0.3351	0.0295	0.3699
T	T	offsuit	0.4491	0.0092	0.8056
T	J	offsuit	0.2929	0.0302	0.2018
T	J	suited	0.3276	0.0283	0.3387
T	Q	offsuit	0.2984	0.0275	0.2211
T	Q	suited	0.3353	0.0257	0.3669
T	K	offsuit	0.3109	0.027	0.2706
T	K	suited	0.3501	0.0275	0.4279
T	A	offsuit	0.3277	0.0294	0.3402
T	A	suited	0.3657	0.027	0.4898
J	J	offsuit	0.4914	0.0074	0.973
J	Q	offsuit	0.3137	0.0275	0.2823
J	Q	suited	0.3424	0.0257	0.3953
J	K	offsuit	0.3253	0.0223	0.3235
J	K	suited	0.3466	0.0259	0.4123
J	A	offsuit	0.3469	0.0255	0.4131
J	A	suited	0.3737	0.0228	0.5176
Q	Q	offsuit	0.5329	0.0083	1.1399
Q	K	offsuit	0.3378	0.0229	0.3741
Q	K	suited	0.3713	0.0229	0.5081
Q	A	offsuit	0.3498	0.0231	0.4223
Q	A	suited	0.3957	0.0214	0.6042
K	K	offsuit	0.5857	0.0067	1.3495
K	A	offsuit	0.3795	0.0191	0.5371
K	A	suited	0.4107	0.0204	0.6632
A	A	offsuit	0.6334	0.0066	1.5402
