2	2	offsuit	0.1257	0.0032	0.1345
2	3	offsuit	0.0566	0.0139	-0.4767
2	3	suited	0.0926	0.0112	-0.1554
2	4	offsuit	0.0554	0.0168	-0.4846
2	4	suited	0.1055	0.0159	-0.0346
2	5	offsuit	0.0623	0.0206	-0.4187
2	5	suited	0.0986	0.0167	-0.0959
2	6	offsuit	0.0525	0.0173	-0.5102
2	6	suited	0.0923	0.0175	-0.1518
2	7	offsuit	0.042	0.0194	-0.6026
2	7	suited	0.0842	0.0195	-0.2227
2	8	offsuit	0.0471	0.0211	-0.555
2	8	suited	0.0859	0.0194	-0.2075
2	9	offsuit	0.0506	0.0204	-0.5242
2	9	suited	0.0921	0.0192	-0.1519
2	T	offsuit	0.0549	0.023	-0.4829
2	T	suited	0.0989	0.0228	-0.0871
2	J	offsuit	0.0626	0.0224	-0.4142
2	J	suited	0.1057	0.0225	-0.0262
2	Q	offsuit	0.068	0.0257	-0.3623
2	Q	suited	0.1092	0.0223	0.0051
2	K	offsuit	0.0768	0.0218	-0.287
2	K	suited	0.1138	0.0236	0.0478
2	A	offsuit	0.0891	0.03	-0.1681
2	A	suited	0.131	0.0277	0.2067
3	3	offsuit	0.1236	0.0047	0.1171
3	4	offsuit	0.065	0.0186	-0.3964
3	4	suited	0.1064	0.0178	-0.0246
3	5	offsuit	0.0706	0.021	-0.3436
3	5	suited	0.1069	0.0204	-0.0175
3	6	offsuit	0.0642	0.0191	-0.4031
3	6	suited	0.1034	0.0194	-0.05
3	7	offsuit	0.0573	0.02	-0.4643
3	7	suited	0.0931	0.0183	-0.1438
3	8	offsuit	0.0489	0.0207	-0.5392
3	8	suited	0.0852	0.019	-0.2142
3	9	offsuit	0.0529	0.0225	-0.5014
3	9	suited	0.0897	0.0215	-0.1712
3	T	offsuit	0.0554	0.0265	-0.4749
3	T	suited	0.1	0.0269	-0.0731
3	J	offsuit	0.0648	0.0254	-0.3914
3	J	suited	0.1016	0.0253	-0.0603
3	Q	offsuit	0.0679	0.0241	-0.3648
3	Q	suited	0.1089	0.0276	0.0077
3	K	offsuit	0.0777	0.0274	-0.2733
3	K	suited	0.1253	0.0241	0.1518
3	A	offsuit	0.0955	0.0286	-0.1119
3	A	suited	0.1364	0.0261	0.2537
4	4	offsuit	0.1294	0.0076	0.1722
4	5	offsuit	0.0801	0.022	-0.2571
4	5	suited	0.1175	0.024	0.0815
4	6	offsuit	0.0681	0.0222	-0.3649
4	6	suited	0.1112	0.0218	0.0226
4	7	offsuit	0.0612	0.0223	-0.4269
4	7	suited	0.102	0.0193	-0.0627
4	8	offsuit	0.0578	0.0241	-0.4557
4	8	suited	0.0937	0.0208	-0.1359
4	9	offsuit	0.0477	0.0223	-0.5484
4	9	suited	0.0926	0.0206	-0.146
4	T	offsuit	0.055	0.0274	-0.4776
4	T	suited	0.0985	0.0252	-0.0883
4	J	offsuit	0.0689	0.0266	-0.3533
4	J	suited	0.1035	0.0228	-0.0457
4	Q	offsuit	0.0677	0.0274	-0.3633
4	Q	suited	0.108	0.0282	0.0002
4	K	offsuit	0.078	0.0296	-0.2684
4	K	suited	0.1153	0.0287	0.0664
4	A	offsuit	0.0978	0.0374	-0.0824
4	A	suited	0.1474	0.0292	0.3558
5	5	offsuit	0.1329	0.0061	0.2022
5	6	offsuit	0.081	0.0234	-0.2476
5	6	suited	0.1231	0.0189	0.1268
5	7	offsuit	0.0727	0.0231	-0.3226
5	7	suited	0.1102	0.025	0.0168
5	8	offsuit	0.0731	0.0257	-0.3164
5	8	suited	0.1108	0.0245	0.0217
5	9	offsuit	0.0575	0.0268	-0.4557
5	9	suited	0.1024	0.0233	-0.0551
5	T	offsuit	0.061	0.0327	-0.4183
5	T	suited	0.0983	0.0268	-0.0885
5	J	offsuit	0.0661	0.0283	-0.3768
5	J	suited	0.1064	0.0295	-0.0129
5	Q	offsuit	0.0742	0.0289	-0.3033
5	Q	suited	0.1154	0.0274	0.066
5	K	offsuit	0.081	0.032	-0.239
5	K	suited	0.1181	0.0293	0.0922
5	A	offsuit	0.097	0.0367	-0.0903
5	A	suited	0.1442	0.0318	0.3296
6	6	offsuit	0.137	0.0095	0.2425
6	7	offsuit	0.0838	0.024	-0.2218
6	7	suited	0.1256	0.0232	0.1536
6	8	offsuit	0.0734	0.0229	-0.3165
6	8	suited	0.1195	0.0214	0.0969
6	9	offsuit	0.0759	0.0252	-0.2917
6	9	suited	0.1178	0.024	0.0842
6	T	offsuit	0.0737	0.0295	-0.3072
6	T	suited	0.1056	0.0272	-0.0224
6	J	offsuit	0.0694	0.0289	-0.3465
6	J	suited	0.107	0.0271	-0.0099
6	Q	offsuit	0.0747	0.0323	-0.2954
6	Q	suited	0.1188	0.0277	0.0969
6	K	offsuit	0.0827	0.0305	-0.2252
6	K	suited	0.126	0.0291	0.1631
6	A	offsuit	0.0955	0.0322	-0.1083
6	A	suited	0.1364	0.0324	0.26
7	7	offsuit	0.1392	0.0081	0.2609
7	8	offsuit	0.0889	0.0236	-0.1763
7	8	suited	0.1228	0.0233	0.1285
7	9	offsuit	0.0852	0.0272	-0.206
7	9	suited	0.1238	0.0221	0.1363
7	T	offsuit	0.083	0.0288	-0.2242
7	T	suited	0.1238	0.0269	0.1411
7	J	offsuit	0.0848	0.0258	-0.211
7	J	suited	0.1168	0.0248	0.076
7	Q	offsuit	0.0841	0.0289	-0.2142
7	Q	suited	0.1144	0.0296	0.0592
7	K	offsuit	0.0905	0.0278	-0.1577
7	K	suited	0.1344	0.0275	0.2371
7	A	offsuit	0.0965	0.0321	-0.0994
7	A	suited	0.1457	0.0327	0.344
8	8	offsuit	0.1626	0.0097	0.4731
8	9	offsuit	0.0996	0.0252	-0.0784
8	9	suited	0.1352	0.0247	0.2415
8	T	offsuit	0.1009	0.03	-0.0619
8	T	suited	0.1367	0.0256	0.2559
8	J	offsuit	0.0985	0.0297	-0.0838
8	J	suited	0.1334	0.0262	0.2268
8	Q	offsuit	0.097	0.0236	-0.1034
8	Q	suited	0.1348	0.0264	0.2396
8	K	offsuit	0.0935	0.0263	-0.1322
8	K	suited	0.1396	0.0277	0.2841
8	A	offsuit	0.1073	0.0331	-0.0012
8	A	suited	0.1514	0.0289	0.3915
9	9	offsuit	0.1671	0.0078	0.5117
9	T	offsuit	0.1113	0.0272	0.0289
9	T	suited	0.1456	0.0249	0.3353
9	J	offsuit	0.1065	0.0244	-0.0171
9	J	suited	0.1523	0.0237	0.3944
9	Q	offsuit	0.113	0.026	0.043
9	Q	suited	0.1456	0.0243	0.3347
9	K	offsuit	0.1146	0.0282	0.0596
9	K	suited	0.1469	0.0249	0.347
9	A	offsuit	0.1139	0.0267	0.0518
9	A	suited	0.1621	0.026	0.4849
T	T	offsuit	0.1902	0.0095	0.7213
T	J	offsuit	0.1346	0.0279	0.2393
T	J	suited	0.1595	0.0265	0.462
T	Q	offsuit	0.1294	0.0292	0.1938
T	Q	suited	0.1645	0.0246	0.5051
T	K	offsuit	0.1362	0.03	0.2558
T	K	suited	0.1672	0.0275	0.5323
T	A	offsuit	0.138	0.0303	0.2723
T	A	suited	0.1785	0.0243	0.6308
J	J	offsuit	0.2106	0.0097	0.9051
J	Q	offsuit	0.1418	0.0252	0.3014
J	Q	suited	0.1784	0.0256	0.6312
J	K	offsuit	0.1429	0.0247	0.3108
J	K	suited	0.178	0.0229	0.6249
J	A	offsuit	0.1494	0.0245	0.3691
J	A	suited	0.1868	0.0225	0.7037
Q	Q	offsuit	0.2383	0.0079	1.1526
Q	K	offsuit	0.1613	0.02	0.4717
Q	K	suited	0.1959	0.0228	0.7859
Q	A	offsuit	0.1609	0.0239	0.472
Q	A	suited	0.2005	0.0223	0.8268
K	K	offsuit	0.2902	0.0055	1.6173
K	A	offsuit	0.1742	0.022	0.5898
K	A	suited	0.2171	0.0198	0.9737
A	A	offsuit	0.3396	0.0048	2.0612
