2	2	offsuit	0.1302	0.0039	0.0455
2	3	offsuit	0.0594	0.0149	-0.5099
2	3	suited	0.1002	0.0162	-0.1822
2	4	offsuit	0.0699	0.0176	-0.4232
2	4	suited	0.0995	0.0159	-0.1881
2	5	offsuit	0.0658	0.0173	-0.4563
2	5	suited	0.1052	0.0173	-0.1411
2	6	offsuit	0.0574	0.0183	-0.5225
2	6	suited	0.0972	0.0179	-0.2045
2	7	offsuit	0.0511	0.0169	-0.5743
2	7	suited	0.0903	0.018	-0.2596
2	8	offsuit	0.0599	0.019	-0.5018
2	8	suited	0.0963	0.0206	-0.209
2	9	offsuit	0.0564	0.0227	-0.5261
2	9	suited	0.0973	0.0202	-0.2014
2	T	offsuit	0.0659	0.0233	-0.4495
2	T	suited	0.1055	0.0224	-0.1336
2	J	offsuit	0.0656	0.0248	-0.4504
2	J	suited	0.1125	0.0209	-0.0791
2	Q	offsuit	0.0822	0.0258	-0.3166
2	Q	suited	0.1184	0.0238	-0.029
2	K	offsuit	0.091	0.0289	-0.2431
2	K	suited	0.1234	0.0276	0.0148
2	A	offsuit	0.1091	0.0293	-0.0979
2	A	suited	0.1532	0.032	0.2576
3	3	offsuit	0.1314	0.0066	0.0578
3	4	offsuit	0.076	0.019	-0.373
3	4	suited	0.1115	0.0175	-0.0905
3	5	offsuit	0.083	0.0205	-0.3155
3	5	suited	0.1194	0.0197	-0.0251
3	6	offsuit	0.0665	0.0202	-0.4478
3	6	suited	0.1119	0.0191	-0.0857
3	7	offsuit	0.068	0.0187	-0.4373
3	7	suited	0.1107	0.0226	-0.0918
3	8	offsuit	0.0561	0.0236	-0.5276
3	8	suited	0.0962	0.0207	-0.2097
3	9	offsuit	0.0601	0.025	-0.4942
3	9	suited	0.0972	0.0207	-0.2017
3	T	offsuit	0.0635	0.0248	-0.4672
3	T	suited	0.103	0.0237	-0.1523
3	J	offsuit	0.0736	0.0286	-0.3826
3	J	suited	0.1161	0.0248	-0.0464
3	Q	offsuit	0.0771	0.0309	-0.3523
3	Q	suited	0.126	0.0292	0.0372
3	K	offsuit	0.0916	0.0306	-0.2366
3	K	suited	0.1369	0.0277	0.1229
3	A	offsuit	0.1099	0.0327	-0.0881
3	A	suited	0.1482	0.0348	0.2204
4	4	offsuit	0.1348	0.0052	0.0836
4	5	offsuit	0.0851	0.0235	-0.2957
4	5	suited	0.1287	0.0241	0.0537
4	6	offsuit	0.0811	0.0199	-0.3313
4	6	suited	0.1127	0.0207	-0.0777
4	7	offsuit	0.0757	0.022	-0.3724
4	7	suited	0.1107	0.019	-0.0954
4	8	offsuit	0.072	0.0239	-0.4001
4	8	suited	0.1159	0.0231	-0.0497
4	9	offsuit	0.0673	0.0252	-0.4364
4	9	suited	0.1002	0.0254	-0.173
4	T	offsuit	0.069	0.0248	-0.4232
4	T	suited	0.1114	0.0254	-0.0834
4	J	offsuit	0.0714	0.029	-0.3998
4	J	suited	0.1201	0.0251	-0.0141
4	Q	offsuit	0.0861	0.0301	-0.2811
4	Q	suited	0.1267	0.0297	0.0433
4	K	offsuit	0.0884	0.0294	-0.2634
4	K	suited	0.1331	0.0308	0.0956
4	A	offsuit	0.117	0.0327	-0.0313
4	A	suited	0.1518	0.0324	0.2468
5	5	offsuit	0.1501	0.0084	0.2092
5	6	offsuit	0.0927	0.023	-0.2354
5	6	suited	0.1327	0.0264	0.088
5	7	offsuit	0.0884	0.0255	-0.2673
5	7	suited	0.1257	0.0224	0.028
5	8	offsuit	0.0761	0.023	-0.3682
5	8	suited	0.1178	0.0238	-0.0338
5	9	offsuit	0.0719	0.0251	-0.3997
5	9	suited	0.1099	0.0287	-0.0921
5	T	offsuit	0.0638	0.0351	-0.4545
5	T	suited	0.1132	0.0293	-0.0651
5	J	offsuit	0.0769	0.0271	-0.3577
5	J	suited	0.1167	0.027	-0.0394
5	Q	offsuit	0.0819	0.0311	-0.3137
5	Q	suited	0.1271	0.0312	0.048
5	K	offsuit	0.0956	0.0314	-0.2038
5	K	suited	0.1411	0.0344	0.1632
5	A	offsuit	0.1127	0.0363	-0.0621
5	A	suited	0.1609	0.0361	0.3233
6	6	offsuit	0.1504	0.009	0.2122
6	7	offsuit	0.1017	0.0264	-0.16
6	7	suited	0.1339	0.0252	0.0964
6	8	offsuit	0.0913	0.0253	-0.2443
6	8	suited	0.1301	0.0246	0.0654
6	9	offsuit	0.0861	0.0275	-0.2837
6	9	suited	0.1278	0.0205	0.0429
6	T	offsuit	0.0817	0.0309	-0.3155
6	T	suited	0.1199	0.0273	-0.0135
6	J	offsuit	0.0785	0.0307	-0.3413
6	J	suited	0.1274	0.0228	0.042
6	Q	offsuit	0.0868	0.0291	-0.2765
6	Q	suited	0.132	0.0297	0.0857
6	K	offsuit	0.098	0.03	-0.186
6	K	suited	0.1446	0.0265	0.1833
6	A	offsuit	0.1135	0.0358	-0.0562
6	A	suited	0.1467	0.0338	0.2074
7	7	offsuit	0.1554	0.0078	0.251
7	8	offsuit	0.1018	0.0239	-0.1617
7	8	suited	0.1414	0.0229	0.1541
7	9	offsuit	0.0994	0.0268	-0.178
7	9	suited	0.1443	0.0223	0.1767
7	T	offsuit	0.0931	0.0302	-0.225
7	T	suited	0.1372	0.0272	0.1248
7	J	offsuit	0.0897	0.0311	-0.2513
7	J	suited	0.1297	0.0275	0.0651
7	Q	offsuit	0.0928	0.0277	-0.2299
7	Q	suited	0.1298	0.026	0.0644
7	K	offsuit	0.1059	0.0295	-0.1233
7	K	suited	0.1488	0.0299	0.2203
7	A	offsuit	0.1161	0.0321	-0.0391
7	A	suited	0.1581	0.0319	0.2967
8	8	offsuit	0.1634	0.009	0.3162
8	9	offsuit	0.1091	0.0266	-0.1006
8	9	suited	0.1459	0.0243	0.1915
8	T	offsuit	0.1146	0.028	-0.0552
8	T	suited	0.1479	0.0272	0.2104
8	J	offsuit	0.1104	0.0234	-0.0934
8	J	suited	0.1468	0.0239	0.1983
8	Q	offsuit	0.1049	0.0244	-0.1364
8	Q	suited	0.1485	0.0257	0.2137
8	K	offsuit	0.1068	0.0307	-0.1149
8	K	suited	0.153	0.0284	0.2524
8	A	offsuit	0.1222	0.0305	0.0081
8	A	suited	0.1676	0.0294	0.3702
9	9	offsuit	0.1879	0.007	0.5102
9	T	offsuit	0.1227	0.0272	0.0088
9	T	suited	0.164	0.0264	0.3384
9	J	offsuit	0.127	0.0257	0.0417
9	J	suited	0.1667	0.0235	0.3571
9	Q	offsuit	0.1263	0.0253	0.0357
9	Q	suited	0.1677	0.0261	0.3677
9	K	offsuit	0.126	0.0267	0.0347
9	K	suited	0.1622	0.0228	0.3204
9	A	offsuit	0.1285	0.0292	0.0572
9	A	suited	0.1741	0.0267	0.4195
T	T	offsuit	0.208	0.0106	0.6746
T	J	offsuit	0.1455	0.0286	0.1926
T	J	suited	0.1838	0.0253	0.4957
T	Q	offsuit	0.1521	0.0277	0.2445
T	Q	suited	0.1874	0.0284	0.5276
T	K	offsuit	0.1597	0.026	0.3036
T	K	suited	0.1943	0.026	0.5804
T	A	offsuit	0.163	0.0251	0.3291
T	A	suited	0.1911	0.028	0.5568
J	J	offsuit	0.236	0.0091	0.8971
J	Q	offsuit	0.1646	0.0249	0.3417
J	Q	suited	0.2045	0.0222	0.6582
J	K	offsuit	0.1694	0.0266	0.3818
J	K	suited	0.2041	0.0227	0.6555
J	A	offsuit	0.1676	0.0278	0.3686
J	A	suited	0.208	0.0276	0.6916
Q	Q	offsuit	0.2769	0.0068	1.222
Q	K	offsuit	0.1853	0.0207	0.5031
Q	K	suited	0.214	0.0228	0.7348
Q	A	offsuit	0.1834	0.0239	0.4911
Q	A	suited	0.2218	0.0225	0.7969
K	K	offsuit	0.3248	0.0075	1.6059
K	A	offsuit	0.202	0.0189	0.6349
K	A	suited	0.2383	0.0199	0.9263
A	A	offsuit	0.3841	0.0064	2.0792
