2	2	offsuit	0.1203	0.0024	0.2054
2	3	offsuit	0.0492	0.0144	-0.4936
2	3	suited	0.0861	0.0136	-0.1254
2	4	offsuit	0.0527	0.018	-0.455
2	4	suited	0.0875	0.0158	-0.1092
2	5	offsuit	0.0576	0.0184	-0.4056
2	5	suited	0.0923	0.0175	-0.0595
2	6	offsuit	0.0458	0.0174	-0.5246
2	6	suited	0.0849	0.0147	-0.1363
2	7	offsuit	0.0413	0.02	-0.567
2	7	suited	0.0737	0.0179	-0.2451
2	8	offsuit	0.042	0.0175	-0.5625
2	8	suited	0.0851	0.0184	-0.1306
2	9	offsuit	0.0437	0.0205	-0.5425
2	9	suited	0.0819	0.0164	-0.1646
2	T	offsuit	0.0469	0.0222	-0.5088
2	T	suited	0.0822	0.0243	-0.1537
2	J	offsuit	0.0522	0.0224	-0.4556
2	J	suited	0.093	0.0202	-0.0498
2	Q	offsuit	0.0596	0.0245	-0.3795
2	Q	suited	0.0987	0.0207	0.0077
2	K	offsuit	0.0653	0.0235	-0.3235
2	K	suited	0.1082	0.0223	0.1043
2	A	offsuit	0.0776	0.0289	-0.1951
2	A	suited	0.1245	0.0253	0.2703
3	3	offsuit	0.1193	0.0053	0.1983
3	4	offsuit	0.0608	0.0196	-0.3724
3	4	suited	0.0961	0.0194	-0.0196
3	5	offsuit	0.065	0.0206	-0.3294
3	5	suited	0.0987	0.0201	0.0071
3	6	offsuit	0.0552	0.019	-0.429
3	6	suited	0.0925	0.0193	-0.0557
3	7	offsuit	0.0475	0.0193	-0.5057
3	7	suited	0.0793	0.0182	-0.1888
3	8	offsuit	0.0391	0.0199	-0.5891
3	8	suited	0.0779	0.0228	-0.1982
3	9	offsuit	0.0468	0.0247	-0.5073
3	9	suited	0.0859	0.0189	-0.1221
3	T	offsuit	0.0489	0.0253	-0.4857
3	T	suited	0.0908	0.0232	-0.0688
3	J	offsuit	0.0493	0.0267	-0.4803
3	J	suited	0.093	0.025	-0.045
3	Q	offsuit	0.0571	0.0246	-0.4044
3	Q	suited	0.1029	0.0229	0.0519
3	K	offsuit	0.0658	0.0254	-0.3166
3	K	suited	0.1108	0.0237	0.1317
3	A	offsuit	0.0835	0.0279	-0.1371
3	A	suited	0.1256	0.0285	0.2845
4	4	offsuit	0.1181	0.0073	0.1883
4	5	offsuit	0.0676	0.0213	-0.3027
4	5	suited	0.1149	0.0225	0.1715
4	6	offsuit	0.0693	0.021	-0.286
4	6	suited	0.0985	0.0191	0.0041
4	7	offsuit	0.0576	0.0233	-0.4007
4	7	suited	0.0978	0.0174	-0.0046
4	8	offsuit	0.0505	0.021	-0.474
4	8	suited	0.0897	0.0236	-0.0794
4	9	offsuit	0.0433	0.0256	-0.5414
4	9	suited	0.0831	0.0234	-0.1456
4	T	offsuit	0.0535	0.0238	-0.4412
4	T	suited	0.0835	0.0246	-0.1404
4	J	offsuit	0.0551	0.0239	-0.4251
4	J	suited	0.098	0.0275	0.0075
4	Q	offsuit	0.061	0.03	-0.36
4	Q	suited	0.1062	0.025	0.087
4	K	offsuit	0.0681	0.0293	-0.2897
4	K	suited	0.1159	0.0262	0.1852
4	A	offsuit	0.0893	0.0296	-0.0774
4	A	suited	0.128	0.0304	0.3104
5	5	offsuit	0.1203	0.0104	0.2134
5	6	offsuit	0.075	0.0227	-0.2273
5	6	suited	0.0999	0.0244	0.0234
5	7	offsuit	0.0674	0.0211	-0.3049
5	7	suited	0.1064	0.0237	0.0877
5	8	offsuit	0.0584	0.0255	-0.3905
5	8	suited	0.1003	0.0224	0.0254
5	9	offsuit	0.0539	0.0257	-0.4353
5	9	suited	0.0973	0.0256	-0.0014
5	T	offsuit	0.0519	0.0314	-0.4496
5	T	suited	0.0925	0.0272	-0.0478
5	J	offsuit	0.0548	0.0287	-0.4233
5	J	suited	0.0974	0.0256	-0.0004
5	Q	offsuit	0.0614	0.031	-0.355
5	Q	suited	0.1122	0.0285	0.1505
5	K	offsuit	0.074	0.0297	-0.2303
5	K	suited	0.1131	0.0295	0.1605
5	A	offsuit	0.0923	0.0297	-0.0473
5	A	suited	0.1317	0.0319	0.3489
6	6	offsuit	0.1252	0.008	0.26
6	7	offsuit	0.0804	0.0252	-0.1708
6	7	suited	0.1129	0.0234	0.1524
6	8	offsuit	0.0759	0.0265	-0.2145
6	8	suited	0.1087	0.0206	0.1076
6	9	offsuit	0.0591	0.0269	-0.3821
6	9	suited	0.099	0.0234	0.0134
6	T	offsuit	0.0576	0.031	-0.393
6	T	suited	0.106	0.0226	0.0826
6	J	offsuit	0.0543	0.0314	-0.4256
6	J	suited	0.0989	0.026	0.015
6	Q	offsuit	0.0654	0.0339	-0.3121
6	Q	suited	0.1084	0.0287	0.1127
6	K	offsuit	0.0699	0.0277	-0.2733
6	K	suited	0.1162	0.0292	0.1912
6	A	offsuit	0.0812	0.0287	-0.1593
6	A	suited	0.13	0.0318	0.3318
7	7	offsuit	0.1328	0.0093	0.3373
7	8	offsuit	0.0825	0.0237	-0.1513
7	8	suited	0.1196	0.0211	0.2171
7	9	offsuit	0.0802	0.0267	-0.1713
7	9	suited	0.1142	0.022	0.164
7	T	offsuit	0.078	0.03	-0.19
7	T	suited	0.1189	0.0272	0.2162
7	J	offsuit	0.0692	0.03	-0.278
7	J	suited	0.104	0.025	0.065
7	Q	offsuit	0.0659	0.0246	-0.3164
7	Q	suited	0.1158	0.0267	0.1847
7	K	offsuit	0.0803	0.0281	-0.1689
7	K	suited	0.1168	0.0295	0.1975
7	A	offsuit	0.086	0.0296	-0.1104
7	A	suited	0.1296	0.0294	0.3254
8	8	offsuit	0.1406	0.0082	0.4142
8	9	offsuit	0.0807	0.0222	-0.1708
8	9	suited	0.1259	0.0232	0.2822
8	T	offsuit	0.0851	0.0283	-0.1207
8	T	suited	0.1209	0.0256	0.2346
8	J	offsuit	0.0818	0.0276	-0.1544
8	J	suited	0.1212	0.0259	0.2379
8	Q	offsuit	0.0806	0.0254	-0.1686
8	Q	suited	0.1222	0.025	0.247
8	K	offsuit	0.082	0.0276	-0.1524
8	K	suited	0.1194	0.0255	0.2195
8	A	offsuit	0.0918	0.0278	-0.0542
8	A	suited	0.1356	0.0288	0.3848
9	9	offsuit	0.1491	0.0076	0.4986
9	T	offsuit	0.099	0.0264	0.0164
9	T	suited	0.1332	0.0275	0.3595
9	J	offsuit	0.1023	0.0239	0.0469
9	J	suited	0.1427	0.0237	0.4507
9	Q	offsuit	0.0936	0.029	-0.035
9	Q	suited	0.1364	0.0237	0.3877
9	K	offsuit	0.097	0.0264	-0.0036
9	K	suited	0.1404	0.0243	0.4283
9	A	offsuit	0.1	0.0275	0.0275
9	A	suited	0.1412	0.0298	0.4418
T	T	offsuit	0.169	0.0107	0.7007
T	J	offsuit	0.1176	0.0299	0.2059
T	J	suited	0.1502	0.0259	0.5279
T	Q	offsuit	0.1117	0.0272	0.1442
T	Q	suited	0.1512	0.0245	0.5365
T	K	offsuit	0.1211	0.0279	0.2389
T	K	suited	0.1523	0.0268	0.5498
T	A	offsuit	0.122	0.0287	0.2487
T	A	suited	0.1632	0.0257	0.6577
J	J	offsuit	0.1874	0.0074	0.8814
J	Q	offsuit	0.1281	0.0262	0.3072
J	Q	suited	0.1673	0.0238	0.6968
J	K	offsuit	0.1313	0.0277	0.3407
J	K	suited	0.1664	0.0231	0.6871
J	A	offsuit	0.1373	0.0281	0.4011
J	A	suited	0.1765	0.0234	0.7884
Q	Q	offsuit	0.2111	0.0079	1.1189
Q	K	offsuit	0.1389	0.0213	0.4103
Q	K	suited	0.1781	0.0215	0.8025
Q	A	offsuit	0.1371	0.0214	0.3924
Q	A	suited	0.1811	0.024	0.835
K	K	offsuit	0.2528	0.0057	1.5337
K	A	offsuit	0.1649	0.019	0.668
K	A	suited	0.1953	0.017	0.97
A	A	offsuit	0.3042	0.0073	2.0493
